-2.180000000000000071e+01
-1.900000000000000000e+01
-8.289999999999999147e+00
5.390000000000000346e-02
8.890000000000000568e+00
1.730000000000000071e+01
1.830000000000000071e+01
1.600000000000000000e+01
9.539999999999999147e+00
-4.320000000000000284e+00
-8.679999999999999716e+00
-2.960000000000000142e+01
-1.960000000000000142e+01
-1.450000000000000000e+01
-1.040000000000000036e+01
-2.500000000000000000e+00
6.219999999999999751e+00
1.519999999999999929e+01
1.689999999999999858e+01
1.480000000000000071e+01
1.009999999999999964e+01
-1.479999999999999982e+00
-1.390000000000000036e+01
-2.189999999999999858e+01
-2.210000000000000142e+01
-1.419999999999999929e+01
-1.059999999999999964e+01
-3.800000000000000044e-01
7.889999999999999680e+00
1.459999999999999964e+01
1.839999999999999858e+01
1.359999999999999964e+01
8.310000000000000497e+00
-3.080000000000000071e+00
-1.200000000000000000e+01
-2.189999999999999858e+01
-2.369999999999999929e+01
-1.989999999999999858e+01
-1.269999999999999929e+01
-1.939999999999999947e+00
9.869999999999999218e+00
1.819999999999999929e+01
1.719999999999999929e+01
1.569999999999999929e+01
7.750000000000000000e+00
-2.020000000000000129e-01
-6.799999999999999822e+00
-1.830000000000000071e+01
-1.689999999999999858e+01
-2.300000000000000000e+01
-1.409999999999999964e+01
-2.359999999999999876e+00
7.679999999999999716e+00
1.509999999999999964e+01
2.019999999999999929e+01
1.580000000000000071e+01
8.330000000000000071e+00
-8.120000000000000551e-01
-1.019999999999999929e+01
-2.160000000000000142e+01
-2.650000000000000000e+01
-2.450000000000000000e+01
-7.870000000000000107e+00
3.660000000000000142e+00
6.620000000000000107e+00
1.760000000000000142e+01
1.550000000000000000e+01
1.730000000000000071e+01
8.890000000000000568e+00
-8.349999999999999645e-01
-1.639999999999999858e+01
-1.610000000000000142e+01
-2.369999999999999929e+01
-2.280000000000000071e+01
-1.040000000000000036e+01
1.590000000000000080e+00
9.689999999999999503e+00
1.540000000000000036e+01
1.469999999999999929e+01
1.639999999999999858e+01
1.050000000000000000e+01
-1.060000000000000053e+00
-1.550000000000000000e+01
-2.310000000000000142e+01
-2.339999999999999858e+01
-2.119999999999999929e+01
-1.359999999999999964e+01
-5.909999999999999698e-01
1.130000000000000071e+01
1.739999999999999858e+01
1.900000000000000000e+01
1.619999999999999929e+01
9.390000000000000568e+00
-5.130000000000000115e-01
-1.219999999999999929e+01
-1.900000000000000000e+01
-2.400000000000000000e+01
-2.050000000000000000e+01
-1.650000000000000000e+01
-6.560000000000000275e-01
7.440000000000000391e+00
1.680000000000000071e+01
1.950000000000000000e+01
1.680000000000000071e+01
7.200000000000000178e+00
-3.180000000000000160e+00
-9.880000000000000782e+00
-2.239999999999999858e+01
-2.639999999999999858e+01
-1.889999999999999858e+01
-1.459999999999999964e+01
-1.010000000000000009e+00
8.869999999999999218e+00
1.650000000000000000e+01
1.900000000000000000e+01
1.639999999999999858e+01
8.019999999999999574e+00
-7.790000000000000258e-01
-1.750000000000000000e+01
-2.460000000000000142e+01
-2.119999999999999929e+01
-1.980000000000000071e+01
-1.359999999999999964e+01
1.580000000000000071e+00
7.330000000000000071e+00
1.660000000000000142e+01
1.900000000000000000e+01
1.530000000000000071e+01
8.800000000000000711e+00
1.520000000000000018e+00
-8.769999999999999574e+00
-2.380000000000000071e+01
-2.069999999999999929e+01
-1.760000000000000142e+01
-1.600000000000000000e+01
1.300000000000000044e+00
9.109999999999999432e+00
1.459999999999999964e+01
1.830000000000000071e+01
1.150000000000000000e+01
6.839999999999999858e+00
-6.410000000000000142e+00
-1.550000000000000000e+01
-2.460000000000000142e+01
-2.160000000000000142e+01
-2.080000000000000071e+01
-9.380000000000000782e+00
-2.049999999999999822e+00
8.599999999999999645e+00
1.789999999999999858e+01
1.630000000000000071e+01
1.400000000000000000e+01
7.660000000000000142e+00
1.270000000000000018e+00
-9.929999999999999716e+00
-1.800000000000000000e+01
-1.500000000000000000e+01
-1.519999999999999929e+01
-1.500000000000000000e+01
1.739999999999999991e+00
8.619999999999999218e+00
1.610000000000000142e+01
1.689999999999999858e+01
1.580000000000000071e+01
9.650000000000000355e+00
-1.820000000000000062e+00
-1.269999999999999929e+01
-1.960000000000000142e+01
-3.010000000000000142e+01
-2.210000000000000142e+01
-1.200000000000000000e+01
-9.679999999999999716e-01
1.069999999999999929e+01
1.780000000000000071e+01
1.960000000000000142e+01
1.509999999999999964e+01
7.679999999999999716e+00
-4.570000000000000284e+00
-1.100000000000000000e+01
-1.889999999999999858e+01
-2.150000000000000000e+01
-1.950000000000000000e+01
-1.590000000000000036e+01
-2.069999999999999840e+00
7.809999999999999609e+00
1.559999999999999964e+01
1.800000000000000000e+01
1.490000000000000036e+01
9.980000000000000426e+00
3.320000000000000173e-01
-1.119999999999999929e+01
-3.050000000000000000e+01
-2.430000000000000071e+01
-2.000000000000000000e+01
-1.059999999999999964e+01
1.010000000000000009e+00
1.109999999999999964e+01
1.750000000000000000e+01
1.730000000000000071e+01
1.309999999999999964e+01
9.240000000000000213e+00
-1.659999999999999920e+00
-9.550000000000000711e+00
-2.539999999999999858e+01
-1.880000000000000071e+01
-1.719999999999999929e+01
-9.140000000000000568e+00
-4.460000000000000075e-01
9.279999999999999361e+00
1.700000000000000000e+01
1.800000000000000000e+01
1.569999999999999929e+01
9.630000000000000782e+00
-8.459999999999999742e-01
-1.130000000000000071e+01
-2.739999999999999858e+01
-3.080000000000000071e+01
-1.650000000000000000e+01
-1.209999999999999964e+01
-1.310000000000000053e+00
8.060000000000000497e+00
1.540000000000000036e+01
1.919999999999999929e+01
1.530000000000000071e+01
8.939999999999999503e+00
1.209999999999999964e+00
-1.169999999999999929e+01
-1.939999999999999858e+01
-1.980000000000000071e+01
-2.130000000000000071e+01
-8.150000000000000355e+00
1.729999999999999982e+00
8.519999999999999574e+00
1.660000000000000142e+01
1.869999999999999929e+01
1.540000000000000036e+01
6.379999999999999893e+00
7.770000000000000517e-02
-1.200000000000000000e+01
-2.510000000000000142e+01
-1.739999999999999858e+01
-1.810000000000000142e+01
-9.269999999999999574e+00
-4.349999999999999978e-01
6.669999999999999929e+00
1.600000000000000000e+01
2.139999999999999858e+01
1.590000000000000036e+01
9.320000000000000284e+00
2.439999999999999947e-01
-1.169999999999999929e+01
-1.980000000000000071e+01
-2.930000000000000071e+01
-2.269999999999999929e+01
-8.800000000000000711e+00
7.199999999999999734e-01
8.210000000000000853e+00
1.710000000000000142e+01
2.110000000000000142e+01
1.610000000000000142e+01
7.419999999999999929e+00
1.759999999999999898e-01
-1.369999999999999929e+01
-1.950000000000000000e+01
-2.260000000000000142e+01
-2.450000000000000000e+01
-9.759999999999999787e+00
7.099999999999999645e-01
7.610000000000000320e+00
1.650000000000000000e+01
1.919999999999999929e+01
1.689999999999999858e+01
1.009999999999999964e+01
-3.559999999999999831e-01
-1.519999999999999929e+01
-1.830000000000000071e+01
-2.050000000000000000e+01
-2.330000000000000071e+01
-1.330000000000000071e+01
3.189999999999999780e-02
1.050000000000000000e+01
1.459999999999999964e+01
2.030000000000000071e+01
1.500000000000000000e+01
9.289999999999999147e+00
-1.250000000000000000e+00
-6.419999999999999929e+00
-1.619999999999999929e+01
-1.540000000000000036e+01
-2.139999999999999858e+01
-1.400000000000000000e+01
-6.790000000000000480e-01
7.389999999999999680e+00
1.509999999999999964e+01
1.639999999999999858e+01
1.600000000000000000e+01
1.009999999999999964e+01
2.979999999999999982e+00
-7.370000000000000107e+00
-1.919999999999999929e+01
-1.910000000000000142e+01
-1.880000000000000071e+01
-5.990000000000000213e+00
2.609999999999999876e+00
5.980000000000000426e+00
1.739999999999999858e+01
1.869999999999999929e+01
1.619999999999999929e+01
9.679999999999999716e+00
6.650000000000000355e-01
-1.040000000000000036e+01
-2.589999999999999858e+01
-2.360000000000000142e+01
-1.810000000000000142e+01
-1.540000000000000036e+01
-6.570000000000000284e-01
1.100000000000000000e+01
1.710000000000000142e+01
1.700000000000000000e+01
1.430000000000000071e+01
1.080000000000000071e+01
2.989999999999999880e-01
-1.069999999999999929e+01
-2.210000000000000142e+01
-2.080000000000000071e+01
-2.050000000000000000e+01
-1.380000000000000071e+01
1.419999999999999929e+00
8.210000000000000853e+00
1.789999999999999858e+01
1.830000000000000071e+01
1.600000000000000000e+01
9.000000000000000000e+00
1.639999999999999902e+00
-1.259999999999999964e+01
-2.489999999999999858e+01
-2.600000000000000000e+01
-2.869999999999999929e+01
-8.900000000000000355e+00
2.910000000000000142e+00
7.099999999999999645e+00
1.639999999999999858e+01
1.680000000000000071e+01
1.430000000000000071e+01
9.029999999999999361e+00
5.989999999999999769e-01
-9.220000000000000639e+00
-2.869999999999999929e+01
-2.300000000000000000e+01
-1.969999999999999929e+01
-9.769999999999999574e+00
-3.509999999999999787e+00
7.940000000000000391e+00
1.639999999999999858e+01
1.780000000000000071e+01
1.540000000000000036e+01
7.780000000000000249e+00
1.870000000000000107e+00
-1.069999999999999929e+01
-2.210000000000000142e+01
-2.460000000000000142e+01
-2.539999999999999858e+01
-1.100000000000000000e+01
-6.129999999999999893e-01
5.690000000000000391e+00
1.750000000000000000e+01
1.569999999999999929e+01
1.630000000000000071e+01
9.259999999999999787e+00
3.109999999999999876e+00
-1.180000000000000071e+01
-2.130000000000000071e+01
-1.490000000000000036e+01
-2.019999999999999929e+01
-1.159999999999999964e+01
2.410000000000000142e+00
6.690000000000000391e+00
1.540000000000000036e+01
2.060000000000000142e+01
1.419999999999999929e+01
1.109999999999999964e+01
3.740000000000000213e+00
-9.369999999999999218e+00
-1.400000000000000000e+01
-2.910000000000000142e+01
-2.639999999999999858e+01
-1.390000000000000036e+01
6.540000000000000258e-01
7.040000000000000036e+00
1.540000000000000036e+01
1.750000000000000000e+01
1.639999999999999858e+01
7.480000000000000426e+00
-2.690000000000000169e-01
-9.009999999999999787e+00
-1.769999999999999929e+01
-2.039999999999999858e+01
-1.590000000000000036e+01
-1.340000000000000036e+01
-1.110000000000000098e+00
8.589999999999999858e+00
1.669999999999999929e+01
1.630000000000000071e+01
1.440000000000000036e+01
6.580000000000000071e+00
4.420000000000000040e-01
-1.080000000000000071e+01
-1.860000000000000142e+01
-2.239999999999999858e+01
-1.530000000000000071e+01
-8.949999999999999289e+00
-2.359999999999999876e+00
7.330000000000000071e+00
1.719999999999999929e+01
1.830000000000000071e+01
1.480000000000000071e+01
9.849999999999999645e+00
-1.489999999999999991e+00
-1.509999999999999964e+01
-2.669999999999999929e+01
-2.450000000000000000e+01
-2.110000000000000142e+01
-1.290000000000000036e+01
-2.009999999999999787e+00
7.549999999999999822e+00
1.319999999999999929e+01
1.850000000000000000e+01
1.400000000000000000e+01
9.210000000000000853e+00
2.500000000000000000e+00
-1.259999999999999964e+01
-1.610000000000000142e+01
-2.269999999999999929e+01
-2.019999999999999929e+01
-1.710000000000000142e+01
-2.649999999999999911e+00
1.019999999999999929e+01
1.680000000000000071e+01
1.730000000000000071e+01
1.290000000000000036e+01
8.050000000000000711e+00
9.549999999999999600e-01
-1.309999999999999964e+01
-2.730000000000000071e+01
-2.619999999999999929e+01
-1.669999999999999929e+01
-8.900000000000000355e+00
4.360000000000000320e+00
8.949999999999999289e+00
1.600000000000000000e+01
1.750000000000000000e+01
1.450000000000000000e+01
7.730000000000000426e+00
5.659999999999999476e-01
-8.519999999999999574e+00
-2.750000000000000000e+01
-2.219999999999999929e+01
-1.650000000000000000e+01
-1.040000000000000036e+01
4.200000000000000178e+00
8.050000000000000711e+00
1.880000000000000071e+01
1.719999999999999929e+01
1.580000000000000071e+01
1.009999999999999964e+01
-1.290000000000000036e+00
-1.309999999999999964e+01
-1.330000000000000071e+01
-3.180000000000000071e+01
-1.810000000000000142e+01
-7.740000000000000213e+00
3.189999999999999947e+00
9.029999999999999361e+00
1.760000000000000142e+01
1.680000000000000071e+01
1.540000000000000036e+01
8.240000000000000213e+00
-1.120000000000000107e+00
-1.050000000000000000e+01
-2.000000000000000000e+01
-2.119999999999999929e+01
-2.310000000000000142e+01
-1.009999999999999964e+01
-1.219999999999999973e+00
8.349999999999999645e+00
1.810000000000000142e+01
1.760000000000000142e+01
1.530000000000000071e+01
9.130000000000000782e+00
1.010000000000000009e+00
-1.180000000000000071e+01
-2.189999999999999858e+01
-2.350000000000000000e+01
-2.380000000000000071e+01
-1.030000000000000071e+01
6.870000000000000551e-01
6.820000000000000284e+00
1.689999999999999858e+01
1.860000000000000142e+01
1.490000000000000036e+01
9.949999999999999289e+00
-5.240000000000000213e-01
-9.769999999999999574e+00
-1.680000000000000071e+01
-2.450000000000000000e+01
-1.880000000000000071e+01
-1.100000000000000000e+01
2.830000000000000071e+00
1.100000000000000000e+01
1.719999999999999929e+01
1.839999999999999858e+01
1.650000000000000000e+01
9.839999999999999858e+00
5.759999999999999565e-01
-1.190000000000000036e+01
-1.700000000000000000e+01
-2.280000000000000071e+01
-1.600000000000000000e+01
-8.589999999999999858e+00
3.350000000000000089e+00
8.140000000000000568e+00
1.700000000000000000e+01
1.760000000000000142e+01
1.540000000000000036e+01
1.000000000000000000e+01
5.540000000000000480e-01
-1.719999999999999929e+01
-2.110000000000000142e+01
-2.439999999999999858e+01
-2.619999999999999929e+01
-1.280000000000000071e+01
3.689999999999999947e+00
1.219999999999999929e+01
1.700000000000000000e+01
1.800000000000000000e+01
1.430000000000000071e+01
1.109999999999999964e+01
2.910000000000000142e+00
-8.560000000000000497e+00
-2.330000000000000071e+01
-1.810000000000000142e+01
-1.419999999999999929e+01
-1.380000000000000071e+01
1.989999999999999991e+00
8.429999999999999716e+00
1.580000000000000071e+01
1.880000000000000071e+01
1.519999999999999929e+01
6.250000000000000000e+00
1.679999999999999938e+00
-9.099999999999999645e+00
-2.760000000000000142e+01
-2.780000000000000071e+01
-2.280000000000000071e+01
-1.319999999999999929e+01
3.259999999999999787e+00
1.069999999999999929e+01
1.710000000000000142e+01
1.800000000000000000e+01
1.419999999999999929e+01
8.750000000000000000e+00
1.969999999999999973e+00
-1.710000000000000142e+01
-2.719999999999999929e+01
-1.810000000000000142e+01
-1.850000000000000000e+01
-7.450000000000000178e+00
3.189999999999999947e+00
7.750000000000000000e+00
1.550000000000000000e+01
1.980000000000000071e+01
1.469999999999999929e+01
9.390000000000000568e+00
4.270000000000000184e-02
-1.290000000000000036e+01
-1.800000000000000000e+01
-1.610000000000000142e+01
-1.459999999999999964e+01
-1.090000000000000036e+01
3.750000000000000000e+00
8.339999999999999858e+00
1.490000000000000036e+01
1.760000000000000142e+01
1.500000000000000000e+01
8.240000000000000213e+00
2.689999999999999947e+00
-1.219999999999999929e+01
-2.910000000000000142e+01
-2.450000000000000000e+01
-1.819999999999999929e+01
-9.480000000000000426e+00
-1.500000000000000000e+00
9.019999999999999574e+00
1.800000000000000000e+01
1.860000000000000142e+01
1.669999999999999929e+01
1.009999999999999964e+01
6.320000000000000062e-01
-1.530000000000000071e+01
-1.650000000000000000e+01
-2.560000000000000142e+01
-2.400000000000000000e+01
-9.949999999999999289e+00
6.870000000000000551e-01
9.640000000000000568e+00
1.669999999999999929e+01
1.810000000000000142e+01
1.240000000000000036e+01
9.339999999999999858e+00
5.310000000000000275e-01
-8.880000000000000782e+00
-1.490000000000000036e+01
-1.730000000000000071e+01
-2.269999999999999929e+01
-1.290000000000000036e+01
-1.570000000000000062e+00
8.750000000000000000e+00
1.760000000000000142e+01
1.800000000000000000e+01
1.509999999999999964e+01
9.699999999999999289e+00
-6.119999999999999885e-01
-1.950000000000000000e+01
-2.500000000000000000e+01
-2.200000000000000000e+01
-2.239999999999999858e+01
-7.059999999999999609e+00
3.149999999999999911e+00
9.740000000000000213e+00
1.819999999999999929e+01
2.010000000000000142e+01
1.450000000000000000e+01
1.119999999999999929e+01
1.409999999999999920e+00
-1.569999999999999929e+01
-1.650000000000000000e+01
-2.189999999999999858e+01
-2.219999999999999929e+01
-1.219999999999999929e+01
-1.020000000000000018e+00
6.360000000000000320e+00
1.789999999999999858e+01
1.639999999999999858e+01
1.689999999999999858e+01
9.189999999999999503e+00
1.850000000000000089e+00
-1.209999999999999964e+01
-2.700000000000000000e+01
-2.050000000000000000e+01
-2.139999999999999858e+01
-1.459999999999999964e+01
-5.729999999999999677e-02
9.130000000000000782e+00
1.719999999999999929e+01
1.780000000000000071e+01
1.660000000000000142e+01
6.910000000000000142e+00
1.199999999999999956e+00
-6.120000000000000107e+00
-1.910000000000000142e+01
-2.339999999999999858e+01
-2.310000000000000142e+01
-1.280000000000000071e+01
1.990000000000000102e-01
9.800000000000000711e+00
1.559999999999999964e+01
1.910000000000000142e+01
1.540000000000000036e+01
8.640000000000000568e+00
1.879999999999999893e+00
-1.359999999999999964e+01
-2.589999999999999858e+01
-2.030000000000000071e+01
-2.589999999999999858e+01
-1.369999999999999929e+01
-1.350000000000000089e-01
7.400000000000000355e+00
1.750000000000000000e+01
1.689999999999999858e+01
1.430000000000000071e+01
8.710000000000000853e+00
1.030000000000000027e+00
-1.150000000000000000e+01
-1.400000000000000000e+01
-2.100000000000000000e+01
-1.969999999999999929e+01
-1.359999999999999964e+01
-2.390000000000000124e+00
8.580000000000000071e+00
1.600000000000000000e+01
1.860000000000000142e+01
1.559999999999999964e+01
7.790000000000000036e+00
1.290000000000000036e+00
-6.209999999999999964e+00
-1.630000000000000071e+01
-2.060000000000000142e+01
-1.719999999999999929e+01
-6.040000000000000036e+00
1.219999999999999973e+00
7.570000000000000284e+00
1.769999999999999929e+01
1.789999999999999858e+01
1.550000000000000000e+01
1.069999999999999929e+01
-2.560000000000000053e-01
-1.469999999999999929e+01
-2.430000000000000071e+01
-2.460000000000000142e+01
-1.369999999999999929e+01
-1.430000000000000071e+01
7.309999999999999831e-01
8.099999999999999645e+00
1.660000000000000142e+01
1.719999999999999929e+01
1.419999999999999929e+01
9.750000000000000000e+00
-1.459999999999999909e-01
-1.290000000000000036e+01
-2.160000000000000142e+01
-1.919999999999999929e+01
-1.559999999999999964e+01
-7.830000000000000071e+00
3.080000000000000071e+00
8.810000000000000497e+00
1.390000000000000036e+01
1.750000000000000000e+01
1.450000000000000000e+01
9.640000000000000568e+00
-4.000000000000000000e+00
-1.180000000000000071e+01
-2.160000000000000142e+01
-1.719999999999999929e+01
-1.419999999999999929e+01
-8.230000000000000426e+00
1.149999999999999911e+00
9.980000000000000426e+00
1.660000000000000142e+01
1.900000000000000000e+01
1.619999999999999929e+01
9.330000000000000071e+00
-3.230000000000000093e-01
-1.509999999999999964e+01
-1.500000000000000000e+01
-2.110000000000000142e+01
-1.230000000000000071e+01
-7.690000000000000391e+00
-1.780000000000000027e+00
7.660000000000000142e+00
1.500000000000000000e+01
1.800000000000000000e+01
1.590000000000000036e+01
7.820000000000000284e+00
7.750000000000000222e-01
-8.419999999999999929e+00
-1.580000000000000071e+01
-1.559999999999999964e+01
-2.530000000000000071e+01
-1.240000000000000036e+01
-3.470000000000000195e+00
9.000000000000000000e+00
1.630000000000000071e+01
1.889999999999999858e+01
1.630000000000000071e+01
9.539999999999999147e+00
-3.069999999999999840e+00
-8.330000000000000071e+00
-1.760000000000000142e+01
-2.060000000000000142e+01
-2.060000000000000142e+01
-8.660000000000000142e+00
-9.240000000000000435e-01
1.040000000000000036e+01
1.789999999999999858e+01
1.850000000000000000e+01
1.580000000000000071e+01
8.500000000000000000e+00
2.020000000000000018e+00
-1.480000000000000071e+01
-2.350000000000000000e+01
-2.450000000000000000e+01
-2.080000000000000071e+01
-1.330000000000000071e+01
-3.580000000000000071e+00
7.469999999999999751e+00
1.710000000000000142e+01
1.669999999999999929e+01
1.530000000000000071e+01
1.209999999999999964e+01
5.999999999999999778e-01
-1.290000000000000036e+01
-2.750000000000000000e+01
-2.139999999999999858e+01
-1.910000000000000142e+01
-7.190000000000000391e+00
2.120000000000000107e+00
8.960000000000000853e+00
1.600000000000000000e+01
1.850000000000000000e+01
1.290000000000000036e+01
7.549999999999999822e+00
2.939999999999999947e+00
-1.530000000000000071e+01
-1.910000000000000142e+01
-2.410000000000000142e+01
-2.060000000000000142e+01
-5.040000000000000036e+00
2.450000000000000178e+00
9.070000000000000284e+00
1.480000000000000071e+01
1.900000000000000000e+01
1.469999999999999929e+01
5.389999999999999680e+00
-2.529999999999999957e-02
-1.519999999999999929e+01
-2.610000000000000142e+01
-3.060000000000000142e+01
-2.950000000000000000e+01
-1.190000000000000036e+01
-4.010000000000000231e-01
6.650000000000000355e+00
1.710000000000000142e+01
2.060000000000000142e+01
1.459999999999999964e+01
7.750000000000000000e+00
-2.680000000000000160e-01
-8.539999999999999147e+00
-2.089999999999999858e+01
-2.069999999999999929e+01
-1.989999999999999858e+01
-1.519999999999999929e+01
1.500000000000000000e+00
7.669999999999999929e+00
1.590000000000000036e+01
1.789999999999999858e+01
1.390000000000000036e+01
8.250000000000000000e+00
-1.989999999999999991e+00
-1.069999999999999929e+01
-1.960000000000000142e+01
-1.630000000000000071e+01
-2.689999999999999858e+01
-1.390000000000000036e+01
1.179999999999999938e+00
8.980000000000000426e+00
1.710000000000000142e+01
1.650000000000000000e+01
1.530000000000000071e+01
9.300000000000000711e+00
2.990000000000000213e+00
-5.910000000000000142e+00
-2.119999999999999929e+01
-2.389999999999999858e+01
-1.689999999999999858e+01
-1.059999999999999964e+01
2.939999999999999947e+00
6.669999999999999929e+00
1.700000000000000000e+01
1.660000000000000142e+01
1.380000000000000071e+01
7.179999999999999716e+00
-1.149999999999999911e+00
-1.190000000000000036e+01
-1.830000000000000071e+01
-1.950000000000000000e+01
-2.030000000000000071e+01
-8.189999999999999503e+00
4.329999999999999960e-01
7.009999999999999787e+00
1.680000000000000071e+01
1.760000000000000142e+01
1.490000000000000036e+01
1.090000000000000036e+01
-5.790000000000000008e-02
-5.400000000000000355e+00
-1.340000000000000036e+01
-2.419999999999999929e+01
-2.439999999999999858e+01
-1.280000000000000071e+01
2.299999999999999822e+00
7.080000000000000071e+00
1.509999999999999964e+01
1.739999999999999858e+01
1.700000000000000000e+01
9.019999999999999574e+00
-4.009999999999999787e+00
-1.469999999999999929e+01
-2.169999999999999929e+01
-1.540000000000000036e+01
-1.710000000000000142e+01
-6.910000000000000142e+00
9.080000000000000293e-01
8.580000000000000071e+00
1.559999999999999964e+01
1.810000000000000142e+01
1.430000000000000071e+01
9.720000000000000639e+00
7.419999999999999929e-01
-9.199999999999999289e+00
-2.110000000000000142e+01
-2.000000000000000000e+01
-1.939999999999999858e+01
-1.359999999999999964e+01
3.860000000000000098e-01
8.029999999999999361e+00
1.730000000000000071e+01
1.819999999999999929e+01
1.359999999999999964e+01
8.599999999999999645e+00
-3.669999999999999929e+00
-1.340000000000000036e+01
-2.150000000000000000e+01
-2.839999999999999858e+01
-2.350000000000000000e+01
-8.380000000000000782e+00
1.139999999999999902e+00
7.040000000000000036e+00
1.700000000000000000e+01
1.689999999999999858e+01
1.400000000000000000e+01
9.240000000000000213e+00
2.119999999999999940e-01
-5.269999999999999574e+00
-1.789999999999999858e+01
-1.610000000000000142e+01
-1.500000000000000000e+01
-1.030000000000000071e+01
1.879999999999999893e+00
7.759999999999999787e+00
1.700000000000000000e+01
1.850000000000000000e+01
1.390000000000000036e+01
9.279999999999999361e+00
6.530000000000000249e-01
-5.200000000000000178e+00
-1.769999999999999929e+01
-2.560000000000000142e+01
-1.750000000000000000e+01
-8.919999999999999929e+00
-2.149999999999999911e+00
8.669999999999999929e+00
1.960000000000000142e+01
1.839999999999999858e+01
1.359999999999999964e+01
9.250000000000000000e+00
7.339999999999999858e-01
-1.090000000000000036e+01
-1.750000000000000000e+01
-2.439999999999999858e+01
-2.080000000000000071e+01
-1.369999999999999929e+01
-1.780000000000000027e+00
6.980000000000000426e+00
1.730000000000000071e+01
1.819999999999999929e+01
1.619999999999999929e+01
9.449999999999999289e+00
-3.350000000000000200e-01
-6.750000000000000000e+00
-1.719999999999999929e+01
-2.319999999999999929e+01
-1.889999999999999858e+01
-7.599999999999999645e+00
3.899999999999999911e+00
1.119999999999999929e+01
1.689999999999999858e+01
1.650000000000000000e+01
1.419999999999999929e+01
9.080000000000000071e+00
-3.580000000000000071e+00
-1.419999999999999929e+01
-1.630000000000000071e+01
-2.389999999999999858e+01
-1.639999999999999858e+01
-1.219999999999999929e+01
4.190000000000000391e+00
8.900000000000000355e+00
1.700000000000000000e+01
1.660000000000000142e+01
1.490000000000000036e+01
8.390000000000000568e+00
-1.550000000000000044e+00
-6.110000000000000320e+00
-1.390000000000000036e+01
-1.559999999999999964e+01
-1.619999999999999929e+01
-6.259999999999999787e+00
-2.450000000000000178e+00
7.209999999999999964e+00
1.590000000000000036e+01
1.619999999999999929e+01
1.540000000000000036e+01
7.950000000000000178e+00
2.149999999999999911e+00
-4.309999999999999609e+00
-1.350000000000000000e+01
-2.130000000000000071e+01
-2.060000000000000142e+01
-9.800000000000000711e+00
-3.390000000000000124e+00
8.630000000000000782e+00
1.700000000000000000e+01
1.680000000000000071e+01
1.500000000000000000e+01
9.720000000000000639e+00
-1.020000000000000018e+00
-1.259999999999999964e+01
-2.339999999999999858e+01
-2.010000000000000142e+01
-2.719999999999999929e+01
-1.140000000000000036e+01
8.990000000000000213e-01
7.809999999999999609e+00
1.580000000000000071e+01
1.769999999999999929e+01
1.490000000000000036e+01
8.609999999999999432e+00
1.080000000000000071e+00
-8.980000000000000426e+00
-2.160000000000000142e+01
-2.000000000000000000e+01
-1.730000000000000071e+01
-8.029999999999999361e+00
2.540000000000000036e-01
8.480000000000000426e+00
1.630000000000000071e+01
1.939999999999999858e+01
1.540000000000000036e+01
1.040000000000000036e+01
1.759999999999999898e-01
-8.769999999999999574e+00
-1.839999999999999858e+01
-2.200000000000000000e+01
-1.830000000000000071e+01
-1.359999999999999964e+01
-2.670000000000000151e-01
8.880000000000000782e+00
1.280000000000000071e+01
1.730000000000000071e+01
1.630000000000000071e+01
9.380000000000000782e+00
-1.489999999999999991e+00
-1.480000000000000071e+01
-1.590000000000000036e+01
-2.089999999999999858e+01
-2.139999999999999858e+01
-1.059999999999999964e+01
1.959999999999999964e+00
8.109999999999999432e+00
1.419999999999999929e+01
1.580000000000000071e+01
1.519999999999999929e+01
1.109999999999999964e+01
1.899999999999999911e+00
-5.389999999999999680e+00
-1.610000000000000142e+01
-1.700000000000000000e+01
-1.430000000000000071e+01
-4.950000000000000178e+00
5.440000000000000391e-01
1.019999999999999929e+01
1.430000000000000071e+01
1.730000000000000071e+01
1.469999999999999929e+01
8.279999999999999361e+00
2.089999999999999858e+00
-9.949999999999999289e+00
-1.650000000000000000e+01
-2.380000000000000071e+01
-1.630000000000000071e+01
-3.740000000000000213e+00
1.300000000000000044e+00
1.180000000000000071e+01
1.610000000000000142e+01
1.910000000000000142e+01
1.610000000000000142e+01
8.919999999999999929e+00
3.589999999999999858e+00
-8.779999999999999361e+00
-1.509999999999999964e+01
-1.919999999999999929e+01
-1.719999999999999929e+01
-1.280000000000000071e+01
1.239999999999999991e+00
8.279999999999999361e+00
1.700000000000000000e+01
1.930000000000000071e+01
1.559999999999999964e+01
1.000000000000000000e+01
1.149999999999999911e+00
-8.369999999999999218e+00
-2.119999999999999929e+01
-1.290000000000000036e+01
-1.390000000000000036e+01
-9.029999999999999361e+00
-9.989999999999999991e-01
1.159999999999999964e+01
1.469999999999999929e+01
1.810000000000000142e+01
1.580000000000000071e+01
6.870000000000000107e+00
1.840000000000000080e+00
-1.069999999999999929e+01
-1.650000000000000000e+01
-1.830000000000000071e+01
-1.330000000000000071e+01
-5.969999999999999751e+00
1.429999999999999938e+00
7.490000000000000213e+00
1.639999999999999858e+01
1.969999999999999929e+01
1.559999999999999964e+01
8.480000000000000426e+00
1.959999999999999964e+00
-1.180000000000000071e+01
-1.639999999999999858e+01
-2.010000000000000142e+01
-1.889999999999999858e+01
-8.529999999999999361e+00
1.320000000000000062e+00
9.359999999999999432e+00
1.880000000000000071e+01
1.930000000000000071e+01
1.519999999999999929e+01
8.849999999999999645e+00
1.939999999999999947e+00
-8.449999999999999289e+00
-1.989999999999999858e+01
-1.639999999999999858e+01
-1.340000000000000036e+01
-7.110000000000000320e+00
2.839999999999999858e+00
8.480000000000000426e+00
1.400000000000000000e+01
1.819999999999999929e+01
1.689999999999999858e+01
8.810000000000000497e+00
2.410000000000000142e+00
-4.990000000000000213e+00
-1.380000000000000071e+01
-2.160000000000000142e+01
-1.919999999999999929e+01
-9.980000000000000426e+00
9.909999999999999365e-02
8.310000000000000497e+00
1.559999999999999964e+01
2.080000000000000071e+01
1.419999999999999929e+01
6.769999999999999574e+00
-8.669999999999999929e-01
-1.259999999999999964e+01
-1.700000000000000000e+01
-1.769999999999999929e+01
-1.450000000000000000e+01
-4.889999999999999680e+00
6.099999999999999645e+00
1.090000000000000036e+01
1.660000000000000142e+01
1.750000000000000000e+01
1.530000000000000071e+01
9.320000000000000284e+00
1.770000000000000018e+00
-1.109999999999999964e+01
-1.869999999999999929e+01
-2.269999999999999929e+01
-1.319999999999999929e+01
-7.459999999999999964e+00
1.629999999999999893e+00
8.820000000000000284e+00
1.490000000000000036e+01
1.869999999999999929e+01
1.780000000000000071e+01
8.359999999999999432e+00
7.229999999999999760e-01
-1.369999999999999929e+01
-1.200000000000000000e+01
-2.189999999999999858e+01
-1.459999999999999964e+01
-1.719999999999999929e+01
1.610000000000000098e+00
1.240000000000000036e+01
1.530000000000000071e+01
2.019999999999999929e+01
1.480000000000000071e+01
8.230000000000000426e+00
5.669999999999999485e-01
-9.619999999999999218e+00
-1.480000000000000071e+01
-2.560000000000000142e+01
-1.639999999999999858e+01
-6.690000000000000391e+00
2.790000000000000036e+00
9.919999999999999929e+00
1.910000000000000142e+01
1.760000000000000142e+01
1.650000000000000000e+01
1.000000000000000000e+01
-2.149999999999999911e+00
-1.550000000000000000e+01
-2.300000000000000000e+01
-2.710000000000000142e+01
-1.910000000000000142e+01
-7.889999999999999680e+00
1.610000000000000098e+00
1.140000000000000036e+01
1.939999999999999858e+01
1.760000000000000142e+01
1.780000000000000071e+01
9.720000000000000639e+00
8.329999999999999627e-01
-5.139999999999999680e+00
-2.050000000000000000e+01
-1.100000000000000000e+01
-1.030000000000000071e+01
-5.009999999999999787e+00
1.069999999999999944e-02
1.180000000000000071e+01
1.789999999999999858e+01
1.969999999999999929e+01
1.630000000000000071e+01
1.000000000000000000e+01
-1.120000000000000107e+00
-1.040000000000000036e+01
-2.419999999999999929e+01
-1.719999999999999929e+01
-1.459999999999999964e+01
-8.189999999999999503e+00
1.120000000000000107e+00
9.740000000000000213e+00
1.900000000000000000e+01
1.819999999999999929e+01
1.519999999999999929e+01
9.679999999999999716e+00
7.880000000000000338e-01
-1.150000000000000000e+01
-1.480000000000000071e+01
-1.839999999999999858e+01
-1.290000000000000036e+01
-9.470000000000000639e+00
1.189999999999999947e+00
1.009999999999999964e+01
1.839999999999999858e+01
1.750000000000000000e+01
1.450000000000000000e+01
9.669999999999999929e+00
1.919999999999999929e+00
-6.179999999999999716e+00
-2.130000000000000071e+01
-1.839999999999999858e+01
-2.450000000000000000e+01
-7.200000000000000178e+00
1.800000000000000044e+00
9.240000000000000213e+00
1.710000000000000142e+01
2.019999999999999929e+01
1.600000000000000000e+01
9.550000000000000711e+00
3.439999999999999947e+00
-7.000000000000000000e+00
-2.300000000000000000e+01
-2.580000000000000071e+01
-2.089999999999999858e+01
-8.410000000000000142e+00
-1.870000000000000107e+00
8.050000000000000711e+00
1.839999999999999858e+01
1.880000000000000071e+01
1.319999999999999929e+01
1.009999999999999964e+01
-5.649999999999999467e-01
-9.269999999999999574e+00
-1.340000000000000036e+01
-1.330000000000000071e+01
-1.509999999999999964e+01
-8.679999999999999716e+00
5.379999999999999893e+00
9.910000000000000142e+00
1.569999999999999929e+01
1.989999999999999858e+01
1.569999999999999929e+01
1.050000000000000000e+01
8.750000000000000000e-01
-7.410000000000000142e+00
-1.300000000000000000e+01
-2.510000000000000142e+01
-1.509999999999999964e+01
-3.390000000000000124e+00
1.060000000000000053e+00
9.099999999999999645e+00
1.860000000000000142e+01
1.800000000000000000e+01
1.459999999999999964e+01
9.119999999999999218e+00
2.439999999999999947e+00
-5.570000000000000284e+00
-1.850000000000000000e+01
-2.039999999999999858e+01
-2.230000000000000071e+01
-1.019999999999999929e+01
4.169999999999999929e+00
8.699999999999999289e+00
1.590000000000000036e+01
1.839999999999999858e+01
1.540000000000000036e+01
8.900000000000000355e+00
1.769999999999999907e-01
-1.319999999999999929e+01
-2.350000000000000000e+01
-2.600000000000000000e+01
-2.450000000000000000e+01
-1.109999999999999964e+01
-2.810000000000000275e-01
8.240000000000000213e+00
1.710000000000000142e+01
1.819999999999999929e+01
1.450000000000000000e+01
8.919999999999999929e+00
2.200000000000000178e+00
-6.089999999999999858e+00
-2.469999999999999929e+01
-2.600000000000000000e+01
-1.680000000000000071e+01
-6.509999999999999787e+00
5.379999999999999893e+00
9.820000000000000284e+00
1.960000000000000142e+01
1.680000000000000071e+01
1.569999999999999929e+01
8.779999999999999361e+00
4.240000000000000213e+00
-9.570000000000000284e+00
-1.730000000000000071e+01
-2.360000000000000142e+01
-2.019999999999999929e+01
-9.730000000000000426e+00
2.569999999999999840e+00
9.519999999999999574e+00
1.919999999999999929e+01
1.880000000000000071e+01
1.440000000000000036e+01
1.130000000000000071e+01
3.119999999999999996e-01
-1.040000000000000036e+01
-2.680000000000000071e+01
-2.160000000000000142e+01
-1.900000000000000000e+01
-9.390000000000000568e+00
2.629999999999999893e+00
8.250000000000000000e+00
1.639999999999999858e+01
1.739999999999999858e+01
1.650000000000000000e+01
7.889999999999999680e+00
1.120000000000000107e+00
-3.540000000000000036e+00
-1.080000000000000071e+01
-1.760000000000000142e+01
-2.010000000000000142e+01
-4.730000000000000426e+00
5.750000000000000000e+00
7.790000000000000036e+00
1.700000000000000000e+01
1.860000000000000142e+01
1.540000000000000036e+01
7.980000000000000426e+00
-1.429999999999999882e-01
-8.539999999999999147e+00
-1.450000000000000000e+01
-1.380000000000000071e+01
-1.350000000000000000e+01
-5.929999999999999716e+00
4.370000000000000107e+00
1.059999999999999964e+01
1.810000000000000142e+01
1.969999999999999929e+01
1.630000000000000071e+01
8.869999999999999218e+00
2.209999999999999964e+00
-1.240000000000000036e+01
-1.050000000000000000e+01
